30274.84839865236 23062.671235375194 15226.236938619184 11836.764802743335 16008.091950341714 20802.148770631426 23910.96476619105 28901.41589212673 26779.49672600066 15025.06912737014 
18865.54998358184 15434.967847421049 19616.995884306285 22605.125547537547 18507.987505455127 16022.07260102684 21825.91954634797 21847.896453636877 23396.387806373674 21975.617676942093 
12961.776622472038 10840.732708884314 17034.853022636282 21348.799417701386 20887.76239618656 19420.78612255017 23316.461793333066 25193.76240945586 24455.232673429655 25494.532562934895 
16654.64167800153 18829.368366783616 23092.9540532849 25506.44741740297 21059.890138836923 24635.19890147771 28131.384946135764 23326.30561385306 26121.205511733435 31117.632731875103 
13182.108682240401 16984.79159122521 26506.97495565416 26433.6939232248 23497.22718447703 20095.842410401605 21760.9144655287 25924.111721422138 27165.41839061924 26489.95720320577 
18519.364121813385 19488.558100185794 27623.786134204147 30832.599364759822 18719.247873013068 16242.180797159188 20406.163745586004 24598.42103466109 19687.667827986064 16317.742743439976 
16567.23644448244 23421.73795760102 26310.596206344933 24518.888358875956 16236.16315299066 8820.85352210252 14758.927496398364 24530.863165221068 19001.082189909754 6944.0865431160155 
20036.942795934774 20419.149905889943 25088.59506773464 16876.034310549374 11608.728615312533 13319.176933692595 22268.55241243899 23602.152739931982 20908.45296036826 11061.230504866282 
31046.603260631393 28184.035814857772 19522.08460196734 16680.51798819908 16746.09502492891 18040.075247460878 22943.311658085982 26578.97467349946 23681.65031453278 15198.442064339008 
35927.2857076465 32781.95082781238 20886.037256288506 16642.841713227557 22838.815626979536 23672.546188419907 23211.06018113789 26205.602687191476 27615.988456503357 16220.191137717145 
