5 64
-93 160
-91 247
-61 304
-11 442
-47 568
22 682
95 769
-97 827
-42 977
-11 1015
-15 1197
-62 1205
92 1314
-81 1434
29 1556
-44 1678
-90 1722
4 1852
-11 1950
-11 2006
-11 2106
65 2255
94 2372
33 2449
-54 2532
3 2684
14 2706
-49 2847
-96 2903
-63 3061
2 3112
5 3232
-57 3373
47 3441
46 3579
96 3681
46 3763
-63 3816
-74 3908
54 4077
54 4196
47 4265
24 4317
38 4412
93 4597
-11 4642
38 4724
-61 4841
-50 4920
-55 5091
66 5166
-30 5205
-79 5394
91 5466
53 5591
4 5690
-53 5749
-54 5807
-35 5910
65 6090
28 6134
-62 6293
39 6322
-90 6424
-5 6568
19 6646
-35 6797
-58 6888
-1 6944
5 7030
-65 7103
5 7216
-4 7304
-84 7465
26 7597
99 7635
25 7711
-85 7802
-64 7998
-99 8025
-43 8186
66 8279
-48 8342
-20 8432
-1 8577
-48 8637
-38 8743
-29 8811
64 8906
-37 9098
-34 9180
-32 9219
-82 9353
-44 9430
-99 9548
-45 9600
73 9770
54 9861
29 9997
