-24 96
91 197
-50 220
-91 348
-37 462
-36 562
9 632
-36 779
-44 892
-96 960
13 1027
4 1138
44 1253
-26 1318
26 1493
-77 1590
57 1664
-87 1758
-73 1888
-28 1911
-65 2046
-27 2176
-74 2247
-22 2390
-78 2408
51 2596
81 2676
-93 2727
-11 2857
82 2997
57 3082
26 3160
27 3263
-86 3394
-72 3420
-45 3594
69 3672
-26 3765
7 3880
-97 3904
25 4072
2 4169
42 4280
97 4309
-64 4491
-57 4512
-54 4655
-75 4795
35 4836
22 4917
-33 5015
-81 5108
67 5281
-53 5392
-88 5428
-24 5530
7 5693
-5 5778
-96 5835
65 5964
88 6058
-89 6165
15 6245
-25 6301
-55 6446
54 6537
84 6696
-75 6763
1 6829
-6 6900
56 7097
-43 7163
60 7293
18 7367
-84 7471
-29 7514
-98 7616
-70 7725
79 7839
79 7933
98 8089
77 8131
-5 8221
65 8352
-49 8478
20 8533
46 8680
-10 8764
40 8818
-51 8913
-65 9072
58 9143
-28 9222
-34 9394
-22 9435
-36 9506
27 9671
87 9789
75 9839
72 9904
