-86 46
-47 132
26 223
-90 375
31 488
-83 570
1 627
23 768
-40 892
2 977
9 1083
25 1160
20 1225
6 1351
-73 1477
-67 1599
-4 1676
-10 1704
29 1801
-15 1992
89 2006
-38 2161
5 2224
93 2329
3 2499
-87 2554
63 2680
-53 2796
81 2872
-13 2916
-36 3098
-95 3129
-35 3235
-57 3332
42 3414
17 3528
46 3632
-2 3785
9 3864
-96 3961
-35 4039
39 4109
-14 4280
70 4333
-89 4415
-83 4523
37 4646
6 4712
-47 4807
-87 4995
-24 5061
-23 5164
-15 5272
43 5337
43 5484
5 5542
-23 5647
46 5761
-93 5805
24 5984
48 6030
55 6107
36 6241
47 6332
-67 6429
3 6572
70 6646
51 6749
64 6889
-44 6902
87 7086
60 7144
94 7294
39 7393
98 7452
42 7551
-47 7692
-53 7739
-13 7822
6 7919
-83 8033
20 8105
-8 8292
93 8388
21 8408
-67 8529
-7 8688
91 8716
-9 8862
5 8981
-78 9059
-29 9169
-91 9262
-82 9325
-60 9415
-84 9547
27 9634
79 9749
-62 9883
-62 9900
