91 72
21 114
-58 276
67 325
-89 413
73 575
-6 604
92 715
-60 847
-58 903
81 1034
-17 1104
15 1227
75 1399
50 1487
54 1519
-83 1664
63 1754
1 1861
85 1944
-29 2041
79 2154
67 2229
-89 2374
-83 2404
72 2540
-57 2655
-34 2782
-31 2870
-17 2983
47 3084
-82 3135
31 3237
-62 3313
-70 3466
-80 3510
-73 3619
-45 3764
-67 3885
-79 3906
95 4005
67 4110
7 4252
-56 4317
-57 4495
-85 4583
10 4686
58 4712
52 4837
4 4914
-8 5091
73 5168
9 5284
-94 5375
-52 5478
21 5594
70 5675
-95 5799
-80 5892
-55 5982
11 6032
94 6154
4 6209
-65 6301
-84 6493
34 6585
-81 6645
12 6795
-16 6800
84 6901
-47 7061
67 7138
41 7289
85 7364
48 7417
44 7519
100 7621
82 7721
-14 7886
11 7920
-18 8063
-69 8130
-18 8263
74 8384
-5 8451
53 8582
46 8688
36 8722
43 8840
75 8959
-35 9030
-88 9100
3 9223
-21 9390
-88 9488
44 9550
-4 9687
10 9734
-99 9843
-85 9917
