0.07885342996919353 0.29141763710996393 0.016141142902611816 0.6631533402657097 0.8766877139403106 0.9379363139918642 0.9706880106375902 0.25372653639020215 0.6986378532474218 0.02857795817070219 
0.5577227322170015 0.2782230631744055 0.4078127778427685 0.72367445362736 0.13430189607640586 0.6390695863120583 0.3538170628719767 0.7893981783289425 0.3488641337932338 0.7384165482154048 
0.9887643925875452 0.26896669689352126 0.9967759769329636 0.6510823344919331 0.5570826903978848 0.017677893020359048 0.9203725617542126 0.1632809189519452 0.36301679141692855 0.6681818175880218 
0.5823991866602821 0.3685396001881357 0.3697353571684968 0.8423957704666573 0.19175977571347114 0.7622129547553345 0.13394779705173077 0.6764686907811747 0.5104790950153032 0.025999091000370678 
0.32993790367235665 0.9752009191861848 0.7207842611789227 0.943864723450981 0.36692009330596653 0.5623260252876254 0.9812122918392572 0.1407851145608202 0.8536247574323997 0.6430605626062573 
0.5506497813195835 0.5857052472573024 0.9140187879707651 0.2453281238429872 0.609210937310036 0.05012843155152347 0.6080676703954802 0.05606404312894242 0.15486014363307765 0.9637385819971238 
0.9614452446157701 0.21900693175574104 0.6046856202276033 0.35846245121372844 0.3580975948542261 0.9103830885950743 0.9797300548540503 0.8423780488112426 0.2995670566481601 0.7588904559907863 
0.8022845913876689 0.7948755383812196 0.7849828543634175 0.42638808037618026 0.08455254839123238 0.22447677483635553 0.8156243796961263 0.9156972790131589 0.03758894736053098 0.9807197822149073 
0.7779636022003051 0.42192097129482886 0.3794222466856729 0.2615144608909583 0.7090925403604194 0.7936873834587557 0.37126435327095586 0.6073757423509419 0.6984424705113234 0.9207241306670845 
0.9607153004057508 0.8239403687186392 0.929700705267131 0.6141692950826451 0.6608688798960003 0.5241737163547351 0.11683149210158228 0.7960254964466759 0.044225251970322565 0.23167265444863616 
