68.20103282236525 45.471614630994885 70.84479919458825 11.498124289144195 25.29860675281662 34.23711947242267 88.33412541149139 67.48290456928035 99.32604685221509 8.744026522289994 
90.95170837635739 11.245620574477243 8.871459574956797 38.88518853211206 86.61965029775372 16.9812566197893 42.95716863640248 52.324388018428635 54.318764600476854 40.29997352904404 
7.95522309509823 33.08128310811212 91.70641101256174 88.53069583065133 5.394422753915307 46.000687626938195 44.50629627995932 13.260671423194893 68.61600771122248 92.91979357668238 
10.91055307603187 10.660897755049593 48.832828154071464 29.10084786542718 53.394658585246546 76.96381447105834 81.8694576273324 94.37567265845654 17.630817866052283 81.40092088912095 
85.70835591715498 42.452365370506584 53.59567008453923 86.9745255123085 35.93990384008957 83.96340644459771 57.503275564532764 70.62916145787895 41.31169066268402 94.08827642097893 
4.854533328798672 68.70459527585906 94.79517235661761 73.96264568023223 24.679335750162203 0.9938558796920738 6.935461240078755 96.59008077407456 72.95786375859811 7.295991864634455 
37.722621822362356 12.601084941663899 99.24269521884518 64.04477191060325 30.820533693336394 38.9582660267404 64.6634352912536 35.410892785304185 19.71208643832545 4.585268613483895 
61.78080549947963 53.21669705975067 19.166994136520334 80.90103634349653 7.1672885720961865 13.068792421150565 37.41133634452367 82.36990757678836 26.12651145060827 20.305364532118286 
44.475467430793195 82.43188105734347 25.62381546372132 18.671402131542592 10.419642687081222 53.556360927702386 56.28549332449625 87.07644242621133 83.48437173265215 6.666599651222249 
97.23445160097457 95.35587426950269 12.685131816439055 74.81086887259679 58.56511078504505 68.6481884449241 31.968760019502895 58.71043576284548 85.42058537010293 21.817054634851672 
