21 5
-69 171
2 201
31 330
-45 480
-20 518
-61 671
100 797
-76 819
-48 985
59 1093
-31 1144
-57 1297
58 1395
48 1428
-89 1571
98 1682
91 1731
-40 1895
98 1923
70 2053
90 2189
-61 2298
-15 2302
-2 2409
95 2529
-96 2660
-55 2778
72 2884
-26 2953
81 3057
-43 3126
-31 3277
22 3342
-38 3481
84 3597
-73 3623
-16 3786
-68 3849
-91 3933
-10 4066
37 4169
49 4296
-69 4332
54 4471
-8 4565
61 4696
-9 4713
23 4836
24 4990
78 5076
92 5109
30 5229
-37 5349
-72 5493
50 5527
-44 5690
-3 5770
-68 5876
21 5917
54 6059
83 6144
-15 6284
78 6390
-43 6404
96 6597
93 6638
-15 6722
50 6836
-58 6964
13 7038
39 7160
51 7229
10 7304
39 7491
-2 7576
24 7669
-93 7700
-27 7828
47 7923
-4 8016
28 8164
-5 8278
-47 8357
-98 8400
96 8500
89 8688
88 8790
89 8816
-41 8924
73 9047
-64 9118
4 9264
-49 9343
-52 9455
49 9517
-99 9637
38 9747
-70 9891
4 9948
