30274.8 23062.7 15226.2 11836.8 16008.1 20802.1 23911 28901.4 26779.5 15025.1 
18865.5 15435 19617 22605.1 18508 16022.1 21825.9 21847.9 23396.4 21975.6 
12961.8 10840.7 17034.9 21348.8 20887.8 19420.8 23316.5 25193.8 24455.2 25494.5 
16654.6 18829.4 23093 25506.4 21059.9 24635.2 28131.4 23326.3 26121.2 31117.6 
13182.1 16984.8 26507 26433.7 23497.2 20095.8 21760.9 25924.1 27165.4 26490 
18519.4 19488.6 27623.8 30832.6 18719.2 16242.2 20406.2 24598.4 19687.7 16317.7 
16567.2 23421.7 26310.6 24518.9 16236.2 8820.85 14758.9 24530.9 19001.1 6944.09 
20036.9 20419.1 25088.6 16876 11608.7 13319.2 22268.6 23602.2 20908.5 11061.2 
31046.6 28184 19522.1 16680.5 16746.1 18040.1 22943.3 26579 23681.7 15198.4 
35927.3 32782 20886 16642.8 22838.8 23672.5 23211.1 26205.6 27616 16220.2 
